x              =  0.500000E+00
a              =  0.300000E+00
a^x            =  0.547723E+00
Fortran a^x    =  0.547723E+00
Error          =  0.000000E+00

